file name: pde2020_file02save.txt
dataNo1001
funString2*(x+y-x**2-y**2)
no_of_interval20
xmin0.0
xmax1.0
ymin0.0
ymax1.0
xarray0.0 0.05 0.1 0.15 0.2 0.25 0.3 0.35 0.4 0.45 0.5 0.55 0.6 0.65 0.7 0.75 0.8 0.85 0.9 0.95 1.0 
yarray0.0 0.05 0.1 0.15 0.2 0.25 0.3 0.35 0.4 0.45 0.5 0.55 0.6 0.65 0.7 0.75 0.8 0.85 0.9 0.95 1.0 
size_of_X21
Xmatrix
0.0 0.05 0.1 0.15 0.2 0.25 0.3 0.35 0.4 0.45 0.5 0.55 0.6 0.65 0.7 0.75 0.8 0.85 0.9 0.95 1.0 
0.0 0.05 0.1 0.15 0.2 0.25 0.3 0.35 0.4 0.45 0.5 0.55 0.6 0.65 0.7 0.75 0.8 0.85 0.9 0.95 1.0 
0.0 0.05 0.1 0.15 0.2 0.25 0.3 0.35 0.4 0.45 0.5 0.55 0.6 0.65 0.7 0.75 0.8 0.85 0.9 0.95 1.0 
0.0 0.05 0.1 0.15 0.2 0.25 0.3 0.35 0.4 0.45 0.5 0.55 0.6 0.65 0.7 0.75 0.8 0.85 0.9 0.95 1.0 
0.0 0.05 0.1 0.15 0.2 0.25 0.3 0.35 0.4 0.45 0.5 0.55 0.6 0.65 0.7 0.75 0.8 0.85 0.9 0.95 1.0 
0.0 0.05 0.1 0.15 0.2 0.25 0.3 0.35 0.4 0.45 0.5 0.55 0.6 0.65 0.7 0.75 0.8 0.85 0.9 0.95 1.0 
0.0 0.05 0.1 0.15 0.2 0.25 0.3 0.35 0.4 0.45 0.5 0.55 0.6 0.65 0.7 0.75 0.8 0.85 0.9 0.95 1.0 
0.0 0.05 0.1 0.15 0.2 0.25 0.3 0.35 0.4 0.45 0.5 0.55 0.6 0.65 0.7 0.75 0.8 0.85 0.9 0.95 1.0 
0.0 0.05 0.1 0.15 0.2 0.25 0.3 0.35 0.4 0.45 0.5 0.55 0.6 0.65 0.7 0.75 0.8 0.85 0.9 0.95 1.0 
0.0 0.05 0.1 0.15 0.2 0.25 0.3 0.35 0.4 0.45 0.5 0.55 0.6 0.65 0.7 0.75 0.8 0.85 0.9 0.95 1.0 
0.0 0.05 0.1 0.15 0.2 0.25 0.3 0.35 0.4 0.45 0.5 0.55 0.6 0.65 0.7 0.75 0.8 0.85 0.9 0.95 1.0 
0.0 0.05 0.1 0.15 0.2 0.25 0.3 0.35 0.4 0.45 0.5 0.55 0.6 0.65 0.7 0.75 0.8 0.85 0.9 0.95 1.0 
0.0 0.05 0.1 0.15 0.2 0.25 0.3 0.35 0.4 0.45 0.5 0.55 0.6 0.65 0.7 0.75 0.8 0.85 0.9 0.95 1.0 
0.0 0.05 0.1 0.15 0.2 0.25 0.3 0.35 0.4 0.45 0.5 0.55 0.6 0.65 0.7 0.75 0.8 0.85 0.9 0.95 1.0 
0.0 0.05 0.1 0.15 0.2 0.25 0.3 0.35 0.4 0.45 0.5 0.55 0.6 0.65 0.7 0.75 0.8 0.85 0.9 0.95 1.0 
0.0 0.05 0.1 0.15 0.2 0.25 0.3 0.35 0.4 0.45 0.5 0.55 0.6 0.65 0.7 0.75 0.8 0.85 0.9 0.95 1.0 
0.0 0.05 0.1 0.15 0.2 0.25 0.3 0.35 0.4 0.45 0.5 0.55 0.6 0.65 0.7 0.75 0.8 0.85 0.9 0.95 1.0 
0.0 0.05 0.1 0.15 0.2 0.25 0.3 0.35 0.4 0.45 0.5 0.55 0.6 0.65 0.7 0.75 0.8 0.85 0.9 0.95 1.0 
0.0 0.05 0.1 0.15 0.2 0.25 0.3 0.35 0.4 0.45 0.5 0.55 0.6 0.65 0.7 0.75 0.8 0.85 0.9 0.95 1.0 
0.0 0.05 0.1 0.15 0.2 0.25 0.3 0.35 0.4 0.45 0.5 0.55 0.6 0.65 0.7 0.75 0.8 0.85 0.9 0.95 1.0 
0.0 0.05 0.1 0.15 0.2 0.25 0.3 0.35 0.4 0.45 0.5 0.55 0.6 0.65 0.7 0.75 0.8 0.85 0.9 0.95 1.0 
Ymatrix
0.0 0.0 0.0 0.0 0.0 0.0 0.0 0.0 0.0 0.0 0.0 0.0 0.0 0.0 0.0 0.0 0.0 0.0 0.0 0.0 0.0 
0.05 0.05 0.05 0.05 0.05 0.05 0.05 0.05 0.05 0.05 0.05 0.05 0.05 0.05 0.05 0.05 0.05 0.05 0.05 0.05 0.05 
0.1 0.1 0.1 0.1 0.1 0.1 0.1 0.1 0.1 0.1 0.1 0.1 0.1 0.1 0.1 0.1 0.1 0.1 0.1 0.1 0.1 
0.15 0.15 0.15 0.15 0.15 0.15 0.15 0.15 0.15 0.15 0.15 0.15 0.15 0.15 0.15 0.15 0.15 0.15 0.15 0.15 0.15 
0.2 0.2 0.2 0.2 0.2 0.2 0.2 0.2 0.2 0.2 0.2 0.2 0.2 0.2 0.2 0.2 0.2 0.2 0.2 0.2 0.2 
0.25 0.25 0.25 0.25 0.25 0.25 0.25 0.25 0.25 0.25 0.25 0.25 0.25 0.25 0.25 0.25 0.25 0.25 0.25 0.25 0.25 
0.3 0.3 0.3 0.3 0.3 0.3 0.3 0.3 0.3 0.3 0.3 0.3 0.3 0.3 0.3 0.3 0.3 0.3 0.3 0.3 0.3 
0.35 0.35 0.35 0.35 0.35 0.35 0.35 0.35 0.35 0.35 0.35 0.35 0.35 0.35 0.35 0.35 0.35 0.35 0.35 0.35 0.35 
0.4 0.4 0.4 0.4 0.4 0.4 0.4 0.4 0.4 0.4 0.4 0.4 0.4 0.4 0.4 0.4 0.4 0.4 0.4 0.4 0.4 
0.45 0.45 0.45 0.45 0.45 0.45 0.45 0.45 0.45 0.45 0.45 0.45 0.45 0.45 0.45 0.45 0.45 0.45 0.45 0.45 0.45 
0.5 0.5 0.5 0.5 0.5 0.5 0.5 0.5 0.5 0.5 0.5 0.5 0.5 0.5 0.5 0.5 0.5 0.5 0.5 0.5 0.5 
0.55 0.55 0.55 0.55 0.55 0.55 0.55 0.55 0.55 0.55 0.55 0.55 0.55 0.55 0.55 0.55 0.55 0.55 0.55 0.55 0.55 
0.6 0.6 0.6 0.6 0.6 0.6 0.6 0.6 0.6 0.6 0.6 0.6 0.6 0.6 0.6 0.6 0.6 0.6 0.6 0.6 0.6 
0.65 0.65 0.65 0.65 0.65 0.65 0.65 0.65 0.65 0.65 0.65 0.65 0.65 0.65 0.65 0.65 0.65 0.65 0.65 0.65 0.65 
0.7 0.7 0.7 0.7 0.7 0.7 0.7 0.7 0.7 0.7 0.7 0.7 0.7 0.7 0.7 0.7 0.7 0.7 0.7 0.7 0.7 
0.75 0.75 0.75 0.75 0.75 0.75 0.75 0.75 0.75 0.75 0.75 0.75 0.75 0.75 0.75 0.75 0.75 0.75 0.75 0.75 0.75 
0.8 0.8 0.8 0.8 0.8 0.8 0.8 0.8 0.8 0.8 0.8 0.8 0.8 0.8 0.8 0.8 0.8 0.8 0.8 0.8 0.8 
0.85 0.85 0.85 0.85 0.85 0.85 0.85 0.85 0.85 0.85 0.85 0.85 0.85 0.85 0.85 0.85 0.85 0.85 0.85 0.85 0.85 
0.9 0.9 0.9 0.9 0.9 0.9 0.9 0.9 0.9 0.9 0.9 0.9 0.9 0.9 0.9 0.9 0.9 0.9 0.9 0.9 0.9 
0.95 0.95 0.95 0.95 0.95 0.95 0.95 0.95 0.95 0.95 0.95 0.95 0.95 0.95 0.95 0.95 0.95 0.95 0.95 0.95 0.95 
1.0 1.0 1.0 1.0 1.0 1.0 1.0 1.0 1.0 1.0 1.0 1.0 1.0 1.0 1.0 1.0 1.0 1.0 1.0 1.0 1.0 
fmatrix
0.0 0.095 0.18 0.255 0.32 0.375 0.42 0.455 0.48 0.495 0.5 0.495 0.48 0.455 0.42 0.375 0.32 0.255 0.18 0.095 0.0 
0.095 0.19 0.275 0.35 0.415 0.47 0.515 0.55 0.575 0.59 0.595 0.59 0.575 0.55 0.515 0.47 0.415 0.35 0.275 0.19 0.095 
0.18 0.275 0.36 0.435 0.5 0.555 0.6 0.635 0.66 0.675 0.68 0.675 0.66 0.635 0.6 0.555 0.5 0.435 0.36 0.275 0.18 
0.255 0.35 0.435 0.51 0.575 0.63 0.675 0.71 0.735 0.75 0.755 0.75 0.735 0.71 0.675 0.63 0.575 0.51 0.435 0.35 0.255 
0.32 0.415 0.5 0.575 0.64 0.695 0.74 0.775 0.8 0.815 0.82 0.815 0.8 0.775 0.74 0.695 0.64 0.575 0.5 0.415 0.32 
0.375 0.47 0.555 0.63 0.695 0.75 0.795 0.83 0.855 0.87 0.875 0.87 0.855 0.83 0.795 0.75 0.695 0.63 0.555 0.47 0.375 
0.42 0.515 0.6 0.675 0.74 0.795 0.84 0.875 0.9 0.915 0.92 0.915 0.9 0.875 0.84 0.795 0.74 0.675 0.6 0.515 0.42 
0.455 0.55 0.635 0.71 0.775 0.83 0.875 0.91 0.935 0.95 0.955 0.95 0.935 0.91 0.875 0.83 0.775 0.71 0.635 0.55 0.455 
0.48 0.575 0.66 0.735 0.8 0.855 0.9 0.935 0.96 0.975 0.98 0.975 0.96 0.935 0.9 0.855 0.8 0.735 0.66 0.575 0.48 
0.495 0.59 0.675 0.75 0.815 0.87 0.915 0.95 0.975 0.99 0.995 0.99 0.975 0.95 0.915 0.87 0.815 0.75 0.675 0.59 0.495 
0.5 0.595 0.68 0.755 0.82 0.875 0.92 0.955 0.98 0.995 1.0 0.995 0.98 0.955 0.92 0.875 0.82 0.755 0.68 0.595 0.5 
0.495 0.59 0.675 0.75 0.815 0.87 0.915 0.95 0.975 0.99 0.995 0.99 0.975 0.95 0.915 0.87 0.815 0.75 0.675 0.59 0.495 
0.48 0.575 0.66 0.735 0.8 0.855 0.9 0.935 0.96 0.975 0.98 0.975 0.96 0.935 0.9 0.855 0.8 0.735 0.66 0.575 0.48 
0.455 0.55 0.635 0.71 0.775 0.83 0.875 0.91 0.935 0.95 0.955 0.95 0.935 0.91 0.875 0.83 0.775 0.71 0.635 0.55 0.455 
0.42 0.515 0.6 0.675 0.74 0.795 0.84 0.875 0.9 0.915 0.92 0.915 0.9 0.875 0.84 0.795 0.74 0.675 0.6 0.515 0.42 
0.375 0.47 0.555 0.63 0.695 0.75 0.795 0.83 0.855 0.87 0.875 0.87 0.855 0.83 0.795 0.75 0.695 0.63 0.555 0.47 0.375 
0.32 0.415 0.5 0.575 0.64 0.695 0.74 0.775 0.8 0.815 0.82 0.815 0.8 0.775 0.74 0.695 0.64 0.575 0.5 0.415 0.32 
0.255 0.35 0.435 0.51 0.575 0.63 0.675 0.71 0.735 0.75 0.755 0.75 0.735 0.71 0.675 0.63 0.575 0.51 0.435 0.35 0.255 
0.18 0.275 0.36 0.435 0.5 0.555 0.6 0.635 0.66 0.675 0.68 0.675 0.66 0.635 0.6 0.555 0.5 0.435 0.36 0.275 0.18 
0.095 0.19 0.275 0.35 0.415 0.47 0.515 0.55 0.575 0.59 0.595 0.59 0.575 0.55 0.515 0.47 0.415 0.35 0.275 0.19 0.095 
0.0 0.095 0.18 0.255 0.32 0.375 0.42 0.455 0.48 0.495 0.5 0.495 0.48 0.455 0.42 0.375 0.32 0.255 0.18 0.095 0.0 
Umatrix
0.0 0.0 0.0 0.0 0.0 0.0 0.0 0.0 0.0 0.0 0.0 0.0 0.0 0.0 0.0 0.0 0.0 0.0 0.0 0.0 0.0 
0.0 0.0 0.0 0.0 0.0 0.0072455305171 0.0072455305171 0.0072455305171 0.0072455305171 0.0072455305171 0.00932900798249 0.00932900798249 0.00932900798249 0.00932900798249 0.00932900798249 0.00672373977116 0.00672373977116 0.00672373977116 0.00672373977116 0.00672373977116 0.0 
0.0 0.0 0.0 4.02207740285e-18 0.0072455305171 0.0144910610342 0.0144910610342 0.0144910610342 0.0144910610342 0.0165745384996 0.018658015965 0.018658015965 0.018658015965 0.018658015965 0.0160527477537 0.0134474795423 0.0134474795423 0.0134474795423 0.0134474795423 0.00672373977116 0.0 
0.0 0.0 4.02207740285e-18 0.0072455305171 0.0144910610342 0.0217365915513 0.0217365915513 0.0217365915513 0.0238200690167 0.0259035464821 0.0279870239475 0.0279870239475 0.0279870239475 0.0253817557361 0.0227764875248 0.0201712193135 0.0201712193135 0.0201712193135 0.0134474795423 0.00672373977116 0.0 
0.0 0.0 0.0072455305171 0.0144910610342 0.0217365915513 0.0289821220684 0.0289821220684 0.0310655995338 0.0331490769992 0.0352325544646 0.03731603193 0.03731603193 0.0347107637186 0.0321054955073 0.029500227296 0.0268949590846 0.0268949590846 0.0201712193135 0.0134474795423 0.00672373977116 0.0 
0.0 0.0072455305171 0.0144910610342 0.0217365915513 0.0289821220684 0.0362276525855 0.0383111300509 0.0403946075163 0.0424780849817 0.0445615624471 0.0466450399125 0.0440397717011 0.0414345034898 0.0388292352785 0.0362239670671 0.0336186988558 0.0268949590846 0.0201712193135 0.0134474795423 0.00672373977116 0.0 
0.0 0.0072455305171 0.0144910610342 0.0217365915513 0.0289821220684 0.0383111300509 0.0403946075163 0.0424780849817 0.0445615624471 0.0466450399125 0.0492923927734 0.0466871245621 0.0440818563508 0.0414765881394 0.0388713199281 0.0355186727891 0.0287949330179 0.0220711932467 0.0153474534756 0.00862371370443 0.0 
0.0 0.0072455305171 0.0144910610342 0.0217365915513 0.0310655995338 0.0403946075163 0.0424780849817 0.0445615624471 0.0466450399125 0.0492923927734 0.0519397456344 0.0493344774231 0.0467292092117 0.0441239410004 0.0407712938614 0.0374186467223 0.0306949069512 0.02397116718 0.0172474274089 0.00862371370443 0.0 
0.0 0.0072455305171 0.0144910610342 0.0238200690167 0.0331490769992 0.0424780849817 0.0445615624471 0.0466450399125 0.0492923927734 0.0519397456344 0.0545870984954 0.051981830284 0.0493765620727 0.0460239149337 0.0426712677946 0.0393186206556 0.0325948808844 0.0258711411133 0.0172474274089 0.00862371370443 0.0 
0.0 0.0072455305171 0.0165745384996 0.0259035464821 0.0352325544646 0.0445615624471 0.0466450399125 0.0492923927734 0.0519397456344 0.0545870984954 0.0572344513563 0.054629183145 0.051276536006 0.0479238888669 0.0445712417279 0.0412185945889 0.0344948548177 0.0258711411133 0.0172474274089 0.00862371370443 0.0 
0.0 0.00932900798249 0.018658015965 0.0279870239475 0.03731603193 0.0466450399125 0.0492923927734 0.0519397456344 0.0545870984954 0.0572344513563 0.0598818042173 0.0565291570783 0.0531765099392 0.0498238628002 0.0464712156612 0.0431185685221 0.0344948548177 0.0258711411133 0.0172474274089 0.00862371370443 0.0 
0.0 0.00932900798249 0.018658015965 0.0279870239475 0.03731603193 0.0440397717011 0.0466871245621 0.0493344774231 0.051981830284 0.054629183145 0.0565291570783 0.0531765099392 0.0498238628002 0.0464712156612 0.0431185685221 0.0407144803912 0.0320907666868 0.0234670529824 0.014843339278 0.00621962557354 0.0 
0.0 0.00932900798249 0.018658015965 0.0279870239475 0.0347107637186 0.0414345034898 0.0440818563508 0.0467292092117 0.0493765620727 0.051276536006 0.0531765099392 0.0498238628002 0.0464712156612 0.0431185685221 0.0407144803912 0.0383103922604 0.0296866785559 0.0210629648515 0.0124392511471 0.00621962557354 0.0 
0.0 0.00932900798249 0.018658015965 0.0253817557361 0.0321054955073 0.0388292352785 0.0414765881394 0.0441239410004 0.0460239149337 0.0479238888669 0.0498238628002 0.0464712156612 0.0431185685221 0.0407144803912 0.0383103922604 0.0359063041295 0.027282590425 0.0186588767206 0.0124392511471 0.00621962557354 0.0 
0.0 0.00932900798249 0.0160527477537 0.0227764875248 0.029500227296 0.0362239670671 0.0388713199281 0.0407712938614 0.0426712677946 0.0445712417279 0.0464712156612 0.0431185685221 0.0407144803912 0.0383103922604 0.0359063041295 0.0335022159986 0.0248785022941 0.0186588767206 0.0124392511471 0.00621962557354 0.0 
0.0 0.00672373977116 0.0134474795423 0.0201712193135 0.0268949590846 0.0336186988558 0.0355186727891 0.0374186467223 0.0393186206556 0.0412185945889 0.0431185685221 0.0407144803912 0.0383103922604 0.0359063041295 0.0335022159986 0.0310981278677 0.0248785022941 0.0186588767206 0.0124392511471 0.00621962557354 0.0 
0.0 0.00672373977116 0.0134474795423 0.0201712193135 0.0268949590846 0.0268949590846 0.0287949330179 0.0306949069512 0.0325948808844 0.0344948548177 0.0344948548177 0.0320907666868 0.0296866785559 0.027282590425 0.0248785022941 0.0248785022941 0.0186588767206 0.0124392511471 0.00621962557354 0.0 0.0 
0.0 0.00672373977116 0.0134474795423 0.0201712193135 0.0201712193135 0.0201712193135 0.0220711932467 0.02397116718 0.0258711411133 0.0258711411133 0.0258711411133 0.0234670529824 0.0210629648515 0.0186588767206 0.0186588767206 0.0186588767206 0.0124392511471 0.00621962557354 0.0 0.0 0.0 
0.0 0.00672373977116 0.0134474795423 0.0134474795423 0.0134474795423 0.0134474795423 0.0153474534756 0.0172474274089 0.0172474274089 0.0172474274089 0.0172474274089 0.014843339278 0.0124392511471 0.0124392511471 0.0124392511471 0.0124392511471 0.00621962557354 0.0 0.0 0.0 0.0 
0.0 0.00672373977116 0.00672373977116 0.00672373977116 0.00672373977116 0.00672373977116 0.00862371370443 0.00862371370443 0.00862371370443 0.00862371370443 0.00862371370443 0.00621962557354 0.00621962557354 0.00621962557354 0.00621962557354 0.00621962557354 0.0 0.0 0.0 0.0 0.0 
0.0 0.0 0.0 0.0 0.0 0.0 0.0 0.0 0.0 0.0 0.0 0.0 0.0 0.0 0.0 0.0 0.0 0.0 0.0 0.0 0.0 
N2
Xmark
0.0 0.25 0.5 0.75 1.0 
0.0 0.25 0.5 0.75 1.0 
0.0 0.25 0.5 0.75 1.0 
0.0 0.25 0.5 0.75 1.0 
0.0 0.25 0.5 0.75 1.0 
Ymark
0.0 0.0 0.0 0.0 0.0 
0.25 0.25 0.25 0.25 0.25 
0.5 0.5 0.5 0.5 0.5 
0.75 0.75 0.75 0.75 0.75 
1.0 1.0 1.0 1.0 1.0 
